<!DOCTYPE html>
<html>
  <head>
    <meta charset="utf-8" />
    <title>Exercice 03</title>
    <meta name="viewport" content="width=device-width, initial-scale=1">
    <link rel="stylesheet" href="../../../../css/themes/myown.css" />
    <link rel="stylesheet" href="../../../../css/themes/jquery.mobile.icons.min.css" />
    <link rel="stylesheet" href="../../../../css/jquery.mobile.structure-1.4.5.min.css" />
    <link href="../../../../css/myown.css" rel="stylesheet">
    <link href="../../../../css/jquery.mobile-1.4.5.css" rel="stylesheet">
    <script src="../../../../js/jquery-1.11.3.js"></script>
    <script src="../../../../js/jquery.mobile-1.4.5.min.js"></script>
    <script src="../../../../js/custom.js"></script>
    <script src="../../../../mathjax/tex-chtml.js" id="MathJax-script" async></script>
  </head>
  <body style="overflow: auto; " class="fr">
    <script>
      window.onload = get();
    </script>
    <div data-role="page" data-theme="d">
      <div data-role="header">
        <table>
          <tr>
            <td>Choisissez votre langue !</td>
            <td>
              <button class="ui-btn ui-btn-inline" onclick="changelang('fr')">
                <img src="../../../../images/fr.png" width="64" height="32" alt="Français">
              </button>
            </td>
            <td>Choose your language !</td>
            <td>
              <button class="ui-btn ui-btn-inline" onclick="changelang('en')">
                <img src="../../../../images/uk.png" width="64" height="32" alt="English">
              </button>
            </td>
          </tr>
        </table>
      </div>
      <!-- /header -->
      <div data-role="content" data-theme="d">
        <div lang="fr">
          <div data-role="navbar">
            <ul>
              <li>
                <input type="button" value="Retour au cours" onclick="go('../../givens.html')" data-inline="false" />
              </li>
              <li>
                <input type="button" value="Retour aux exercices" onclick="go('menu.html')" data-inline="false" />
              </li>
            </ul>
          </div>
          <!-- /navbar -->
          <p>Calculer une factorisation QR par la méthode de Givens pour la matrice suivante: </p>
          <!-- FORMULE UNIV INLINE -->
          <p>\( A= \begin{pmatrix} 2 & -1 & 4 & 3 \\ -1 & 2 & 2 & -4 \\ 4 & -1 & -4 & 1 \\ -3 & -3 & 5 & 1 \\ \end{pmatrix} \)</p>
          <!-- /FORMULE UNIV INLINE-->
          <div data-role="collapsible">
            <h4>solution</h4>
            <!-- FORMULE UNIV INLINE -->
            <p>\( Q= \begin{pmatrix} 0.36514837 & -0.27571867 & 0.8569314 & 0.23730666 \\ -0.18257419 & 0.52558872 & 0.44178888 & -0.70373699 \\ 0.73029674 & -0.29295109 & -0.249085514 & -0.56462619 \\ -0.54772256 & -0.74961014 & 0.09191062 & -0.36005148 \\ \end{pmatrix} \)</p>
            <!-- /FORMULE UNIV INLINE-->
            <!-- FORMULE UNIV INLINE -->
            <p>\( R= \begin{pmatrix} 5.47722558 & 0.18257419 & -4.56435465 & 2.00831604 \\ 0 & 3.86867764 & -2.62794361 & -3.97207214 \\ 0 & 0 & 5.76719855 & 0.6464638 \\ 0& 0 & 0 & 2.60219026 \\ \end{pmatrix} \)</p>
            <!-- /FORMULE UNIV INLINE-->
          </div>
          <!-- /solution -->
        </div>
        <!-- /fr -->
        <div lang="en">
          <div data-role="navbar">
            <ul>
              <li>
                <input type="button" value="Back to lesson" onclick="go('../../givens.html')" data-inline="false" />
              </li>
              <li>
                <input type="button" value="Back to exercises" onclick="go('menu.html')" data-inline="false" />
              </li>
            </ul>
          </div>
          <!-- /navbar -->
          <p>Find a QR factorization using Givens' method for the following matrix : </p>
          <!-- FORMULE UNIV INLINE -->
          <p>\( A= \begin{pmatrix} 2 & -1 & 4 & 3 \\ -1 & 2 & 2 & -4 \\ 4 & -1 & -4 & 1 \\ -3 & -3 & 5 & 1 \\ \end{pmatrix} \)</p>
          <!-- /FORMULE UNIV INLINE-->
          <div data-role="collapsible">
            <h4>solution</h4>
            <!-- FORMULE UNIV INLINE -->
            <p>\( Q= \begin{pmatrix} 0.36514837 & -0.27571867 & 0.8569314 & 0.23730666 \\ -0.18257419 & 0.52558872 & 0.44178888 & -0.70373699 \\ 0.73029674 & -0.29295109 & -0.249085514 & -0.56462619 \\ -0.54772256 & -0.74961014 & 0.09191062 & -0.36005148 \\ \end{pmatrix} \)</p>
            <!-- /FORMULE UNIV INLINE-->
            <!-- FORMULE UNIV INLINE -->
            <p>\( R= \begin{pmatrix} 5.47722558 & 0.18257419 & -4.56435465 & 2.00831604 \\ 0 & 3.86867764 & -2.62794361 & -3.97207214 \\ 0 & 0 & 5.76719855 & 0.6464638 \\ 0& 0 & 0 & 2.60219026 \\ \end{pmatrix} \)</p>
            <!-- /FORMULE UNIV INLINE-->
          </div>
          <!-- /solution -->
        </div>
        <!-- /en -->
      </div>
      <div data-role="footer">
        <table cellpadding="10">
          <tr>
            <td>
              <div lang="fr">Création Gilles Dubois</div>
              <div lang="en">Created by Gilles Dubois</div>
            </td>
            <td>
              <div lang="fr">Janvier 2022</div>
              <div lang="en">January 2022</div>
            </td>
            <td>
              <div lang="fr">Version mobile Jquery</div>
              <div lang="en">Mobile Jquery version</div>
            </td>
            <td>
              <a href="https://www.mathjax.org">
                <img title="Powered by MathJax" src="https://www.mathjax.org/badge/badge.gif" border="0" alt="Powered by MathJax" />
              </a>
            </td>
          </tr>
        </table>
      </div>
      <!-- /footer -->
      <ul style=list-style-type:'';>
        <li>
          <div lang="fr">
            <input type="button" value="Auteur" onclick="goext('../../../../presentation.html')" data-inline="false" />
          </div>
          <div lang="en">
            <input type="button" value="Author" onclick="goext('../../../../presentation.html')" data-inline="false" />
          </div>
        </li>
        <li>
          <a href="mailto:gilles.paul.dubois@free.fr" data-role="button" rel="external">Mail</a>
        </li>
      </ul>
    </div>
    <!-- /page -->
  </body>
</html>